1523958593.394051 1.817841 1.817788 0.184426 0.065201 0.057015 0.029796 
1523958593.595214 1.837538 1.837486 0.186428 0.065546 0.058063 0.031640 
1523958593.744931 1.838273 1.838221 0.186503 0.065561 0.058151 0.031781 
1523958593.944558 1.838991 1.838940 0.186576 0.065631 0.058223 0.031860 
1523958594.145888 1.840701 1.840651 0.186750 0.065735 0.058381 0.032046 
1523958594.345985 1.842421 1.842372 0.186924 0.065847 0.058544 0.032203 
1523958594.543875 1.856243 1.856198 0.188327 0.066369 0.059459 0.033462 
1523958594.745505 1.857901 1.857857 0.188495 0.066484 0.059602 0.033358 
1523958594.944199 1.909986 1.909938 0.193783 0.068952 0.062916 0.036500 
1523958595.145307 1.911606 1.911557 0.193948 0.069095 0.063040 0.036492 
1523958595.345536 1.913262 1.913213 0.194116 0.069213 0.063164 0.036420 
1523958595.545618 1.914891 1.914841 0.194282 0.069314 0.063295 0.036453 
1523958595.744428 1.940536 1.940471 0.196895 0.071442 0.065048 0.036880 
1523958595.946011 1.942145 1.942080 0.197059 0.071540 0.065161 0.036974 
1523958596.194941 1.945337 1.945269 0.197383 0.071834 0.065330 0.037192 
1523958596.444862 1.951340 1.951266 0.197994 0.072326 0.065577 0.037331 
1523958596.695148 1.957425 1.957344 0.198613 0.072775 0.065751 0.037480 
1523958596.944816 1.963472 1.963387 0.199227 0.073016 0.065869 0.037763 
1523958597.194950 1.969489 1.969401 0.199836 0.073078 0.065957 0.038739 
1523958597.395085 2.073765 2.073687 0.210403 0.074710 0.068935 0.044262 
1523958597.596264 2.075293 2.075215 0.210560 0.074702 0.068952 0.044840 
1523958597.795321 2.076796 2.076719 0.210714 0.074690 0.068977 0.045128 
1523958598.046092 2.079744 2.079666 0.211014 0.074689 0.068996 0.045417 
1523958598.295562 2.085458 2.085378 0.211598 0.074692 0.069053 0.046036 
1523958598.546654 2.091177 2.091096 0.212180 0.074752 0.069124 0.046105 
1523958598.796145 2.142107 2.142014 0.217408 0.074870 0.069522 0.050767 
1523958599.095814 2.151646 2.151550 0.218374 0.075082 0.069669 0.050642 
1523958599.396433 2.212092 2.211977 0.224563 0.075846 0.070334 0.056150 
1523958599.645960 2.221423 2.221305 0.225505 0.076161 0.070567 0.056183 
1523958599.946339 2.230690 2.230570 0.226446 0.076482 0.070836 0.056186 
1523958600.246290 2.246559 2.246432 0.228055 0.077110 0.071393 0.056207 
1523958600.498008 2.255916 2.255785 0.229005 0.077438 0.071738 0.056340 
1523958600.698143 2.258703 2.258570 0.229286 0.077584 0.071864 0.056205 
1523958600.896787 2.260054 2.259920 0.229424 0.077631 0.071916 0.056204 
1523958601.097955 2.261424 2.261289 0.229563 0.077698 0.071982 0.056037 
1523958601.346851 2.323881 2.323724 0.235910 0.080231 0.074483 0.056568 
1523958601.547666 2.326516 2.326359 0.236178 0.080347 0.074636 0.056724 
1523958601.748345 2.327879 2.327721 0.236320 0.080429 0.074743 0.057157 
1523958601.947088 2.449453 2.449256 0.248691 0.085525 0.079437 0.058508 
1523958602.147143 2.450695 2.450499 0.248815 0.085634 0.079555 0.058650 
1523958602.347314 2.451962 2.451768 0.248939 0.085809 0.079717 0.058772 
1523958602.598719 2.454504 2.454309 0.249194 0.086359 0.080190 0.058861 
1523958602.848447 2.564901 2.564675 0.260445 0.091784 0.085310 0.063787 
1523958603.098173 2.569459 2.569230 0.260898 0.092864 0.086337 0.064104 
1523958603.349174 2.574077 2.573843 0.261361 0.094078 0.087471 0.064513 
1523958603.649316 2.582135 2.581894 0.262169 0.096288 0.089512 0.065190 
1523958603.947780 2.632322 2.632052 0.267215 0.105666 0.098068 0.066291 
1523958604.249624 2.645676 2.645395 0.268568 0.108860 0.101185 0.066313 
1523958604.548800 2.659056 2.658765 0.269924 0.112010 0.104316 0.066367 
1523958604.848112 2.672036 2.671735 0.271240 0.115045 0.107272 0.066404 
1523958605.148464 2.887623 2.887216 0.293140 0.142893 0.132489 0.069954 
1523958605.448574 2.899845 2.899432 0.294389 0.144695 0.134329 0.069769 
1523958605.749494 2.912085 2.911667 0.295635 0.146409 0.136174 0.069781 
1523958606.050561 2.924386 2.923968 0.296886 0.148130 0.138096 0.069862 
1523958606.349768 2.936430 2.936012 0.298110 0.149680 0.139853 0.070471 
1523958606.699943 2.955390 2.954974 0.300036 0.152042 0.142607 0.073632 
1523958606.999035 2.974195 2.973783 0.301946 0.154690 0.145592 0.078648 
1523958607.299776 2.985958 2.985550 0.303146 0.156613 0.147798 0.079702 
1523958607.599297 2.997711 2.997308 0.304349 0.158884 0.150298 0.079993 
1523958607.950824 3.016482 3.016086 0.306273 0.163051 0.154711 0.080684 
1523958608.299475 3.045650 3.045268 0.309263 0.169489 0.161721 0.081846 
1523958608.749852 3.107091 3.106731 0.315562 0.182362 0.175657 0.083058 
