1523958593.394051 -0.055927 -2.023991 9.598773 0.002240 -0.619208 9.790439 
1523958593.595214 0.159705 -2.057445 9.590491 0.048051 -0.596550 9.791727 
1523958593.744931 0.163406 -2.074003 9.586862 0.058155 -0.605983 9.791094 
1523958593.944558 0.175696 -2.086058 9.584028 0.066553 -0.612583 9.790629 
1523958594.145888 0.204637 -2.100000 9.580409 0.077079 -0.614356 9.790441 
1523958594.345985 0.226021 -2.117393 9.576099 0.088431 -0.617579 9.790142 
1523958594.543875 0.408802 -2.149325 9.562918 0.118430 -0.596334 9.791142 
1523958594.745505 0.417826 -2.160918 9.559915 0.120760 -0.597018 9.791073 
1523958594.944199 0.882586 -2.324517 9.489667 0.244296 -0.528168 9.792726 
1523958595.145307 0.900505 -2.335571 9.485268 0.246766 -0.523880 9.792893 
1523958595.345536 0.906730 -2.344906 9.482371 0.247488 -0.523456 9.792898 
1523958595.545618 0.911338 -2.355375 9.479335 0.249449 -0.524205 9.792809 
1523958595.744428 1.006816 -2.458355 9.443459 0.314424 -0.511930 9.791587 
1523958595.946011 1.010514 -2.467612 9.440649 0.315892 -0.510296 9.791625 
1523958596.194941 1.027531 -2.479047 9.435816 0.318459 -0.503578 9.791890 
1523958596.444862 1.061285 -2.490502 9.429061 0.324177 -0.491311 9.792325 
1523958596.695148 1.098954 -2.504696 9.420982 0.329742 -0.476853 9.792854 
1523958596.944816 1.146380 -2.512921 9.413137 0.336192 -0.461996 9.793347 
1523958597.194950 1.190895 -2.522879 9.404943 0.343875 -0.447619 9.793748 
1523958597.395085 1.288663 -2.548751 9.385058 0.444192 -0.368207 9.793019 
1523958597.596264 1.294289 -2.553783 9.382916 0.446050 -0.365119 9.793051 
1523958597.795321 1.297964 -2.556257 9.381735 0.447467 -0.363130 9.793060 
1523958598.046092 1.312102 -2.557799 9.379348 0.451019 -0.356457 9.793141 
1523958598.295562 1.336981 -2.563454 9.374289 0.461354 -0.345605 9.793050 
1523958598.546654 1.363707 -2.569018 9.368915 0.471763 -0.334363 9.792944 
1523958598.796145 1.544235 -2.614575 9.328207 0.551396 -0.225586 9.791894 
1523958599.095814 1.590641 -2.615616 9.320113 0.563547 -0.202709 9.791702 
1523958599.396433 1.773465 -2.695381 9.264224 0.669614 -0.108500 9.786519 
1523958599.645960 1.814797 -2.703488 9.253852 0.684004 -0.090199 9.785709 
1523958599.946339 1.861728 -2.707973 9.243212 0.696254 -0.070259 9.785008 
1523958600.246290 1.955012 -2.714725 9.221947 0.720991 -0.034291 9.783410 
1523958600.498008 2.015070 -2.712620 9.209631 0.733350 -0.010968 9.782545 
1523958600.698143 2.036983 -2.712239 9.204921 0.738123 -0.000382 9.782192 
1523958600.896787 2.049196 -2.713426 9.201859 0.741401 0.004442 9.781943 
1523958601.097955 2.060567 -2.714709 9.198942 0.744060 0.008938 9.781738 
1523958601.346851 2.424599 -2.712016 9.110565 0.836256 0.143240 9.773243 
1523958601.547666 2.435998 -2.711052 9.107811 0.840245 0.145561 9.772866 
1523958601.748345 2.441586 -2.709748 9.106703 0.843083 0.143961 9.772646 
1523958601.947088 2.993618 -2.694125 8.945169 1.008540 0.374887 9.750816 
1523958602.147143 2.985287 -2.685266 8.950615 1.009199 0.369275 9.750962 
1523958602.347314 2.973977 -2.672762 8.958120 1.010720 0.362296 9.751066 
1523958602.598719 2.983562 -2.640995 8.964353 1.016065 0.362230 9.750513 
1523958602.848447 3.275415 -2.584089 8.878640 1.159462 0.509527 9.727905 
1523958603.098173 3.285980 -2.520019 8.893141 1.167284 0.517773 9.726534 
1523958603.349174 3.303066 -2.456806 8.904491 1.177266 0.528793 9.724738 
1523958603.649316 3.310431 -2.350426 8.930433 1.191420 0.543553 9.722200 
1523958603.947780 3.374476 -1.948087 9.002998 1.247083 0.625341 9.710296 
1523958604.249624 3.333568 -1.836967 9.041514 1.263562 0.637011 9.707406 
1523958604.548800 3.300327 -1.733007 9.074175 1.277795 0.648182 9.704803 
1523958604.848112 3.273421 -1.634114 9.102224 1.290117 0.659941 9.702380 
1523958605.148464 3.411523 -1.109936 9.130480 1.516224 0.926662 9.647718 
1523958605.448574 3.401204 -1.077017 9.138268 1.526241 0.937638 9.645078 
1523958605.749494 3.394779 -1.052237 9.143543 1.539205 0.948721 9.641933 
1523958606.050561 3.392269 -1.023908 9.147690 1.549748 0.962471 9.638882 
1523958606.349768 3.386434 -1.004738 9.151977 1.561584 0.976378 9.635572 
1523958606.699943 3.376439 -0.979471 9.158406 1.584907 1.000488 9.629289 
1523958606.999035 3.374588 -0.945886 9.162618 1.609990 1.025709 9.622472 
1523958607.299776 3.386153 -0.916149 9.161373 1.628345 1.041057 9.617733 
1523958607.599297 3.400479 -0.878875 9.159718 1.645651 1.056711 9.613080 
1523958607.950824 3.430289 -0.821153 9.153957 1.681658 1.083180 9.603898 
1523958608.299475 3.447728 -0.742720 9.154105 1.729331 1.113918 9.591908 
1523958608.749852 3.454814 -0.618427 9.160672 1.829052 1.170521 9.566638 
