1523958593.394051 0.180174 -0.044792 
1523958593.595214 -0.039178 -0.117774 
1523958593.744931 -0.051973 -0.139227 
1523958593.944558 -0.064204 -0.149437 
1523958594.145888 -0.078812 -0.157066 
1523958594.345985 -0.088043 -0.161326 
1523958594.543875 -0.308890 -0.293451 
1523958594.745505 -0.294951 -0.280257 
1523958594.944199 -0.745876 -0.589067 
1523958595.145307 -0.753406 -0.593541 
1523958595.345536 -0.748728 -0.583564 
1523958595.545618 -0.743572 -0.580344 
1523958595.744428 -0.617282 -0.477748 
1523958595.946011 -0.612164 -0.462466 
1523958596.194941 -0.615492 -0.463641 
1523958596.444862 -0.624906 -0.468673 
1523958596.695148 -0.650196 -0.488946 
1523958596.944816 -0.725464 -0.551717 
1523958597.194950 -0.803679 -0.618763 
1523958597.395085 -0.796893 -0.792688 
1523958597.596264 -0.800547 -0.792866 
1523958597.795321 -0.802030 -0.793196 
1523958598.046092 -0.822492 -0.810393 
1523958598.295562 -0.847951 -0.829579 
1523958598.546654 -0.865496 -0.839806 
1523958598.796145 -1.050665 -1.018606 
1523958599.095814 -1.061069 -1.013522 
1523958599.396433 -1.145172 -1.129920 
1523958599.645960 -1.113255 -1.087049 
1523958599.946339 -1.098912 -1.059991 
1523958600.246290 -1.073961 -1.003661 
1523958600.498008 -1.086437 -0.995008 
1523958600.698143 -1.073609 -0.969468 
1523958600.896787 -1.083246 -0.976469 
1523958601.097955 -1.089550 -0.979228 
1523958601.346851 -1.102423 -0.866673 
1523958601.547666 -1.124053 -0.894715 
1523958601.748345 -1.148375 -0.933488 
1523958601.947088 -1.229748 -0.883882 
1523958602.147143 -1.239208 -0.915059 
1523958602.347314 -1.226715 -0.922842 
1523958602.598719 -1.198146 -0.903937 
1523958602.848447 -1.499187 -1.438921 
1523958603.098173 -1.466838 -1.412569 
1523958603.349174 -1.453398 -1.379429 
1523958603.649316 -1.408010 -1.316695 
1523958603.947780 -1.202275 -1.168745 
1523958604.249624 -1.187627 -1.130679 
1523958604.548800 -1.190799 -1.054711 
1523958604.848112 -1.172030 -1.014451 
1523958605.148464 -0.766907 -0.320857 
1523958605.448574 -0.784610 -0.282969 
1523958605.749494 -0.816538 -0.259265 
1523958606.050561 -0.843080 -0.209731 
1523958606.349768 -0.850432 -0.240796 
1523958606.699943 -0.837851 -0.430186 
1523958606.999035 -0.799508 -0.684016 
1523958607.299776 -0.815792 -0.772223 
1523958607.599297 -0.830845 -0.806481 
1523958607.950824 -0.814823 -0.666299 
1523958608.299475 -0.835292 -0.486664 
1523958608.749852 -0.894459 -0.289991 
